1.198065727949142456e-01 -1.521199345588684082e-01 -1.382827907800674438e-01 -1.360406577587127686e-01 -1.355130225419998169e-01 -1.346874088048934937e-01 -1.383117735385894775e-01 -1.332854926586151123e-01 -1.334195137023925781e-01 -1.372573673725128174e-01 -1.351741850376129150e-01 -1.333682537078857422e-01 -1.353512704372406006e-01 2.922528088092803955e-01 2.915257811546325684e-01 3.190968036651611328e-01 2.945947051048278809e-01 2.983770072460174561e-01 2.936638593673706055e-01 3.024963736534118652e-01 2.934232354164123535e-01 2.890971601009368896e-01 2.958299815654754639e-01 2.906059324741363525e-01 2.915411293506622314e-01 3.027138113975524902e-01 3.143481910228729248e-01 3.151915967464447021e-01 3.191134333610534668e-01 3.182957768440246582e-01 2.954525351524353027e-01 2.972752153873443604e-01 2.957752346992492676e-01 -1.562903374433517456e-01 -1.399302482604980469e-01 -1.350278407335281372e-01 -1.569315791130065918e-01 -1.326036453247070312e-01 -1.360237896442413330e-01 -1.530598551034927368e-01 -1.512640416622161865e-01 -1.509171128273010254e-01 -1.526276320219039917e-01 -1.459236294031143188e-01 -1.535879820585250854e-01 -1.562310755252838135e-01 -1.557569205760955811e-01 -1.565568447113037109e-01 -1.551104187965393066e-01 -1.558831781148910522e-01 -1.563907861709594727e-01 -1.554184854030609131e-01 -1.561466604471206665e-01 -1.535029411315917969e-01 -1.565154045820236206e-01 -1.563318818807601929e-01 -1.420894414186477661e-01 -1.565683931112289429e-01 -1.575627624988555908e-01 -1.563058197498321533e-01 -1.576917022466659546e-01 -1.539153754711151123e-01 -1.539339423179626465e-01 -1.539591103792190552e-01 -1.539158225059509277e-01 -1.528444886207580566e-01 -1.526521891355514526e-01 -1.527242660522460938e-01 2.347018271684646606e-01 2.456403374671936035e-01 2.494765073060989380e-01 2.401174753904342651e-01 2.464039474725723267e-01 2.381857633590698242e-01 2.502334713935852051e-01 2.427088767290115356e-01 2.470314651727676392e-01 2.410064190626144409e-01 2.526229023933410645e-01 2.527260482311248779e-01 2.477272003889083862e-01 2.439910769462585449e-01 2.489246428012847900e-01 -1.562142968177795410e-01 -1.565300673246383667e-01 -1.563174873590469360e-01 -1.566794961690902710e-01 -1.565108597278594971e-01 -1.563184857368469238e-01 -1.565970480442047119e-01 -1.563165485858917236e-01 -1.566670536994934082e-01 -1.565826386213302612e-01 -1.564650386571884155e-01 -1.565407812595367432e-01 -1.564842313528060913e-01 -1.564567983150482178e-01 -1.565974652767181396e-01 -1.564649343490600586e-01 -1.563526391983032227e-01 -1.566257178783416748e-01 -1.565632224082946777e-01 -1.567397564649581909e-01 -1.547450423240661621e-01 -1.470209509134292603e-01 -1.561790555715560913e-01 2.989997863769531250e-01 2.917652428150177002e-01
-1.521199345588684082e-01 2.883662879467010498e-01 2.143504321575164795e-01 1.997078210115432739e-01 2.003260701894760132e-01 1.991762518882751465e-01 2.151490896940231323e-01 1.934061348438262939e-01 1.934916377067565918e-01 2.103578746318817139e-01 2.013714462518692017e-01 1.911108642816543579e-01 2.011484503746032715e-01 -3.566069304943084717e-01 -3.572144806385040283e-01 -3.705687224864959717e-01 -3.618687391281127930e-01 -3.620692789554595947e-01 -3.626197576522827148e-01 -3.646899163722991943e-01 -3.593034446239471436e-01 -3.535819351673126221e-01 -3.634163439273834229e-01 -3.508632481098175049e-01 -3.612870573997497559e-01 -3.648523092269897461e-01 -3.679307997226715088e-01 -3.646048307418823242e-01 -3.706042170524597168e-01 -3.707662820816040039e-01 -3.623963594436645508e-01 -3.678323626518249512e-01 -3.645835816860198975e-01 3.025022149085998535e-01 2.215133607387542725e-01 2.019374519586563110e-01 2.996671795845031738e-01 1.912276297807693481e-01 1.987482458353042603e-01 3.001912832260131836e-01 2.972372770309448242e-01 2.897621095180511475e-01 3.003655672073364258e-01 2.902747392654418945e-01 3.003405928611755371e-01 2.864212989807128906e-01 2.870520353317260742e-01 2.884849607944488525e-01 2.914433181285858154e-01 2.909641861915588379e-01 2.951901853084564209e-01 2.910363674163818359e-01 2.952552437782287598e-01 2.830659449100494385e-01 2.956666946411132812e-01 2.960046231746673584e-01 2.759282290935516357e-01 2.935240566730499268e-01 3.042530715465545654e-01 2.933435738086700439e-01 3.046040534973144531e-01 9.929718077182769775e-02 9.898999333381652832e-02 9.905112534761428833e-02 9.888841956853866577e-02 9.812723845243453979e-02 9.763589501380920410e-02 9.786733239889144897e-02 -3.435825109481811523e-01 -3.559348285198211670e-01 -3.575371801853179932e-01 -3.489510416984558105e-01 -3.561491966247558594e-01 -3.447190225124359131e-01 -3.572969734668731689e-01 -3.513926565647125244e-01 -3.578221499919891357e-01 -3.490421473979949951e-01 -3.625465631484985352e-01 -3.631221354007720947e-01 -3.595275282859802246e-01 -3.552429974079132080e-01 -3.590987920761108398e-01 1.065468713641166687e-01 1.057050079107284546e-01 1.051409989595413208e-01 1.051151156425476074e-01 1.061540022492408752e-01 1.056933626532554626e-01 1.063930690288543701e-01 1.055728569626808167e-01 1.054740846157073975e-01 1.055376976728439331e-01 1.063651293516159058e-01 1.052718907594680786e-01 1.053171232342720032e-01 1.069229021668434143e-01 1.059149876236915588e-01 1.064675375819206238e-01 1.056705191731452942e-01 1.057192757725715637e-01 1.057662814855575562e-01 1.062660366296768188e-01 1.330842226743698120e-01 2.798332273960113525e-01 2.930812239646911621e-01 -3.641311228275299072e-01 -3.519106209278106689e-01
-1.382827907800674438e-01 2.143504321575164795e-01 2.960016429424285889e-01 3.048901259899139404e-01 3.086431324481964111e-01 3.083552420139312744e-01 2.960964143276214600e-01 3.117176294326782227e-01 3.074270486831665039e-01 2.968668341636657715e-01 3.030554652214050293e-01 3.128325343132019043e-01 3.053279817104339600e-01 -3.319103121757507324e-01 -3.281751275062561035e-01 -3.398526012897491455e-01 -3.334508836269378662e-01 -3.342177867889404297e-01 -3.312763571739196777e-01 -3.375010788440704346e-01 -3.267443478107452393e-01 -3.246690034866333008e-01 -3.316955864429473877e-01 -3.176908791065216064e-01 -3.279520273208618164e-01 -3.377444148063659668e-01 -3.363670110702514648e-01 -3.335257172584533691e-01 -3.376772105693817139e-01 -3.385284245014190674e-01 -3.318904340267181396e-01 -3.371609151363372803e-01 -3.359333574771881104e-01 2.129982560873031616e-01 2.867610752582550049e-01 3.003616929054260254e-01 2.182308137416839600e-01 3.083012402057647705e-01 3.085672557353973389e-01 2.036412060260772705e-01 2.019590586423873901e-01 2.125512957572937012e-01 2.049450278282165527e-01 1.945600956678390503e-01 2.049848586320877075e-01 2.153814435005187988e-01 2.151580154895782471e-01 2.171059995889663696e-01 2.253853231668472290e-01 2.217532694339752197e-01 2.186369746923446655e-01 2.235711365938186646e-01 2.212304919958114624e-01 2.366516888141632080e-01 2.216609418392181396e-01 2.204749584197998047e-01 1.989825069904327393e-01 2.182531952857971191e-01 2.145592719316482544e-01 2.200616747140884399e-01 2.141932100057601929e-01 8.606128394603729248e-02 8.588097244501113892e-02 8.574592322111129761e-02 8.572673797607421875e-02 8.517864346504211426e-02 8.428248763084411621e-02 8.491208404302597046e-02 -3.109607100486755371e-01 -3.275842070579528809e-01 -3.275623619556427002e-01 -3.201203942298889160e-01 -3.317912220954895020e-01 -3.156141340732574463e-01 -3.310283720493316650e-01 -3.175459504127502441e-01 -3.284138143062591553e-01 -3.196727931499481201e-01 -3.370595276355743408e-01 -3.314097523689270020e-01 -3.301722109317779541e-01 -3.234425783157348633e-01 -3.269091844558715820e-01 7.921468466520309448e-02 7.889731228351593018e-02 7.887027412652969360e-02 7.865334302186965942e-02 7.930322736501693726e-02 7.850205153226852417e-02 7.928032428026199341e-02 7.863711565732955933e-02 7.896913588047027588e-02 7.877715677022933960e-02 7.927009463310241699e-02 7.889388501644134521e-02 7.862090319395065308e-02 7.900020480155944824e-02 7.883544266223907471e-02 7.945268601179122925e-02 7.878591120243072510e-02 7.886069267988204956e-02 7.864950597286224365e-02 7.909622043371200562e-02 1.064871773123741150e-01 2.098485976457595825e-01 2.215202748775482178e-01 -3.312429785728454590e-01 -3.239191472530364990e-01
-1.360406577587127686e-01 1.997078210115432739e-01 3.048901259899139404e-01 3.175521194934844971e-01 3.216492533683776855e-01 3.214792013168334961e-01 3.048590421676635742e-01 3.262866437435150146e-01 3.214144110679626465e-01 3.065501153469085693e-01 3.151004016399383545e-01 3.279769122600555420e-01 3.177313804626464844e-01 -3.284392654895782471e-01 -3.240593075752258301e-01 -3.359065949916839600e-01 -3.294204473495483398e-01 -3.303196728229522705e-01 -3.267504274845123291e-01 -3.337720930576324463e-01 -3.221533596515655518e-01 -3.205560147762298584e-01 -3.271489143371582031e-01 -3.130859136581420898e-01 -3.231818377971649170e-01 -3.340255022048950195e-01 -3.322184681892395020e-01 -3.295406103134155273e-01 -3.334197103977203369e-01 -3.343043923377990723e-01 -3.275473713874816895e-01 -3.327022194862365723e-01 -3.318126201629638672e-01 1.958699077367782593e-01 2.932381629943847656e-01 3.119440078735351562e-01 2.023572772741317749e-01 3.227664530277252197e-01 3.219089508056640625e-01 1.854770928621292114e-01 1.839988678693771362e-01 1.973619908094406128e-01 1.868906021118164062e-01 1.765375286340713501e-01 1.870047152042388916e-01 2.014898657798767090e-01 2.010971903800964355e-01 2.030920982360839844e-01 2.118497788906097412e-01 2.078791707754135132e-01 2.036037743091583252e-01 2.098952084779739380e-01 2.065165638923645020e-01 2.260390669107437134e-01 2.069508284330368042e-01 2.055347114801406860e-01 1.839873790740966797e-01 2.034852802753448486e-01 1.973988264799118042e-01 2.055519819259643555e-01 1.969210058450698853e-01 8.877295255661010742e-02 8.862330019474029541e-02 8.846092224121093750e-02 8.846531808376312256e-02 8.792100101709365845e-02 8.698051422834396362e-02 8.765728771686553955e-02 -3.053349554538726807e-01 -3.225700855255126953e-01 -3.223606050014495850e-01 -3.150564134120941162e-01 -3.273607790470123291e-01 -3.105824589729309082e-01 -3.264373838901519775e-01 -3.117916584014892578e-01 -3.232066929340362549e-01 -3.145530223846435547e-01 -3.324874639511108398e-01 -3.259441554546356201e-01 -3.249704241752624512e-01 -3.178781569004058838e-01 -3.213678002357482910e-01 7.983197271823883057e-02 7.964238524436950684e-02 7.970207184553146362e-02 7.947992533445358276e-02 8.002138137817382812e-02 7.918006926774978638e-02 7.995429635047912598e-02 7.935799658298492432e-02 7.977239042520523071e-02 7.953876256942749023e-02 7.994177192449569702e-02 7.971783727407455444e-02 7.939390093088150024e-02 7.952957600355148315e-02 7.953479140996932983e-02 8.013372123241424561e-02 7.951068133115768433e-02 7.960259914398193359e-02 7.935116440057754517e-02 7.977586984634399414e-02 1.058492586016654968e-01 1.958850473165512085e-01 2.072507888078689575e-01 -3.266534507274627686e-01 -3.200780749320983887e-01
-1.355130225419998169e-01 2.003260701894760132e-01 3.086431324481964111e-01 3.216492533683776855e-01 3.259197771549224854e-01 3.257766366004943848e-01 3.086210489273071289e-01 3.307470977306365967e-01 3.257120549678802490e-01 3.103634715080261230e-01 3.191914856433868408e-01 3.324544727802276611e-01 3.218948841094970703e-01 -3.269455134868621826e-01 -3.224757015705108643e-01 -3.336091041564941406e-01 -3.278702199459075928e-01 -3.286566436290740967e-01 -3.251751661300659180e-01 -3.320429623126983643e-01 -3.204444944858551025e-01 -3.189706504344940186e-01 -3.255051076412200928e-01 -3.112283647060394287e-01 -3.215739428997039795e-01 -3.322963416576385498e-01 -3.300032019615173340e-01 -3.272107243537902832e-01 -3.310534954071044922e-01 -3.320048749446868896e-01 -3.259207308292388916e-01 -3.311648070812225342e-01 -3.302958011627197266e-01 1.962944418191909790e-01 2.966217398643493652e-01 3.159524798393249512e-01 2.029113471508026123e-01 3.271286189556121826e-01 3.261369168758392334e-01 1.857491582632064819e-01 1.842903196811676025e-01 1.979824006557464600e-01 1.872260868549346924e-01 1.768210232257843018e-01 1.872939169406890869e-01 2.019580751657485962e-01 2.015804946422576904e-01 2.036039531230926514e-01 2.126997858285903931e-01 2.085728198289871216e-01 2.041797637939453125e-01 2.106683701276779175e-01 2.071918100118637085e-01 2.273148745298385620e-01 2.076234221458435059e-01 2.061786651611328125e-01 1.845308542251586914e-01 2.040399909019470215e-01 1.978194713592529297e-01 2.061752229928970337e-01 1.973247975111007690e-01 8.504877239465713501e-02 8.489419519901275635e-02 8.472620695829391479e-02 8.473242819309234619e-02 8.421245217323303223e-02 8.325167745351791382e-02 8.394531160593032837e-02 -3.053754866123199463e-01 -3.226841688156127930e-01 -3.223297894001007080e-01 -3.151630163192749023e-01 -3.275721967220306396e-01 -3.106248080730438232e-01 -3.264685273170471191e-01 -3.117109239101409912e-01 -3.232983648777008057e-01 -3.146118223667144775e-01 -3.326127231121063232e-01 -3.258910179138183594e-01 -3.250829875469207764e-01 -3.179350495338439941e-01 -3.213285505771636963e-01 7.579030841588973999e-02 7.558061182498931885e-02 7.564477622509002686e-02 7.540414482355117798e-02 7.597050070762634277e-02 7.511424273252487183e-02 7.589942961931228638e-02 7.529658079147338867e-02 7.570500671863555908e-02 7.547125965356826782e-02 7.589203864336013794e-02 7.565406709909439087e-02 7.532409578561782837e-02 7.547297328710556030e-02 7.546748965978622437e-02 7.609087228775024414e-02 7.545108348131179810e-02 7.553620636463165283e-02 7.528287172317504883e-02 7.571118324995040894e-02 1.027553901076316833e-01 1.965674608945846558e-01 2.079276591539382935e-01 -3.248596489429473877e-01 -3.183614611625671387e-01
-1.346874088048934937e-01 1.991762518882751465e-01 3.083552420139312744e-01 3.214792013168334961e-01 3.257766366004943848e-01 3.256489932537078857e-01 3.083288669586181641e-01 3.306710720062255859e-01 3.256093561649322510e-01 3.101045489311218262e-01 3.190182745456695557e-01 3.323943316936492920e-01 3.217315077781677246e-01 -3.249137401580810547e-01 -3.204240202903747559e-01 -3.314494490623474121e-01 -3.257935941219329834e-01 -3.265852630138397217e-01 -3.230962157249450684e-01 -3.299502730369567871e-01 -3.183612227439880371e-01 -3.169451653957366943e-01 -3.234185874462127686e-01 -3.091870844364166260e-01 -3.194788992404937744e-01 -3.302031159400939941e-01 -3.278632164001464844e-01 -3.250821530818939209e-01 -3.288831412792205811e-01 -3.298483788967132568e-01 -3.238397240638732910e-01 -3.290644288063049316e-01 -3.282127678394317627e-01 1.950430572032928467e-01 2.962327599525451660e-01 3.157591521739959717e-01 2.016882300376892090e-01 3.270491659641265869e-01 3.259854018688201904e-01 1.844925284385681152e-01 1.830511093139648438e-01 1.968259066343307495e-01 1.859825104475021362e-01 1.756177693605422974e-01 1.860391497611999512e-01 2.007611095905303955e-01 2.003864943981170654e-01 2.024068832397460938e-01 2.115645110607147217e-01 2.074050158262252808e-01 2.029777169227600098e-01 2.095178365707397461e-01 2.060068547725677490e-01 2.262904495000839233e-01 2.064352333545684814e-01 2.049847245216369629e-01 1.834217607975006104e-01 2.028365433216094971e-01 1.965560019016265869e-01 2.049861252307891846e-01 1.960587501525878906e-01 8.357024192810058594e-02 8.341540396213531494e-02 8.324583619832992554e-02 8.325309306383132935e-02 8.274523168802261353e-02 8.178335428237915039e-02 8.247906714677810669e-02 -3.034369647502899170e-01 -3.207005560398101807e-01 -3.203299343585968018e-01 -3.132098913192749023e-01 -3.256029486656188965e-01 -3.086811602115631104e-01 -3.244698047637939453e-01 -3.097216486930847168e-01 -3.213102817535400391e-01 -3.126535713672637939e-01 -3.306052684783935547e-01 -3.238542079925537109e-01 -3.230846226215362549e-01 -3.159518241882324219e-01 -3.193094432353973389e-01 7.421921193599700928e-02 7.400498539209365845e-02 7.407291978597640991e-02 7.382675260305404663e-02 7.439622282981872559e-02 7.354051619768142700e-02 7.432420551776885986e-02 7.372281700372695923e-02 7.412923872470855713e-02 7.389478385448455811e-02 7.431812584400177002e-02 7.407905161380767822e-02 7.374918460845947266e-02 7.389798015356063843e-02 7.389120757579803467e-02 7.451655715703964233e-02 7.387765496969223022e-02 7.395908981561660767e-02 7.370515167713165283e-02 7.413330674171447754e-02 1.012982875108718872e-01 1.954613626003265381e-01 2.067480385303497314e-01 -3.227447271347045898e-01 -3.163307011127471924e-01
-1.383117735385894775e-01 2.151490896940231323e-01 2.960964143276214600e-01 3.048590421676635742e-01 3.086210489273071289e-01 3.083288669586181641e-01 2.962130606174468994e-01 3.116526007652282715e-01 3.073647916316986084e-01 2.969385981559753418e-01 3.030565679073333740e-01 3.127239346504211426e-01 3.053244054317474365e-01 -3.320045471191406250e-01 -3.282938897609710693e-01 -3.393430709838867188e-01 -3.336162567138671875e-01 -3.342153131961822510e-01 -3.314465880393981934e-01 -3.374534547328948975e-01 -3.268569707870483398e-01 -3.247402012348175049e-01 -3.318036198616027832e-01 -3.176209032535552979e-01 -3.282087445259094238e-01 -3.376907110214233398e-01 -3.359329402446746826e-01 -3.329659402370452881e-01 -3.371593654155731201e-01 -3.380129933357238770e-01 -3.320051729679107666e-01 -3.373502194881439209e-01 -3.361077010631561279e-01 2.139182984828948975e-01 2.869459390640258789e-01 3.003892898559570312e-01 2.191170006990432739e-01 3.082166016101837158e-01 3.085323274135589600e-01 2.045608609914779663e-01 2.028705626726150513e-01 2.134010344743728638e-01 2.058660686016082764e-01 1.954484283924102783e-01 2.058988958597183228e-01 2.161830961704254150e-01 2.159696072340011597e-01 2.179166674613952637e-01 2.261922061443328857e-01 2.225750535726547241e-01 2.194835245609283447e-01 2.243828326463699341e-01 2.220784723758697510e-01 2.373754829168319702e-01 2.225081026554107666e-01 2.213293164968490601e-01 1.998212337493896484e-01 2.190973311662673950e-01 2.154867351055145264e-01 2.208972722291946411e-01 2.151132673025131226e-01 8.624711632728576660e-02 8.606518805027008057e-02 8.593124151229858398e-02 8.591102808713912964e-02 8.536266535520553589e-02 8.446613699197769165e-02 8.509414643049240112e-02 -3.128990828990936279e-01 -3.294977247714996338e-01 -3.293536305427551270e-01 -3.220371305942535400e-01 -3.337066769599914551e-01 -3.175000548362731934e-01 -3.328548073768615723e-01 -3.194197118282318115e-01 -3.302906751632690430e-01 -3.215551972389221191e-01 -3.389250636100769043e-01 -3.332549631595611572e-01 -3.320922851562500000e-01 -3.253487348556518555e-01 -3.287752270698547363e-01 7.946530729532241821e-02 7.914575934410095215e-02 7.911246269941329956e-02 7.889526337385177612e-02 7.955130189657211304e-02 7.874693721532821655e-02 7.952605932950973511e-02 7.888501137495040894e-02 7.921060174703598022e-02 7.902357727289199829e-02 7.951869070529937744e-02 7.913758605718612671e-02 7.886277139186859131e-02 7.924828678369522095e-02 7.907945662736892700e-02 7.970692962408065796e-02 7.903146743774414062e-02 7.910750806331634521e-02 7.890010625123977661e-02 7.934217900037765503e-02 1.068044304847717285e-01 2.106597572565078735e-01 2.223606705665588379e-01 -3.313007950782775879e-01 -3.238816261291503906e-01
-1.332854926586151123e-01 1.934061348438262939e-01 3.117176294326782227e-01 3.262866437435150146e-01 3.307470977306365967e-01 3.306710720062255859e-01 3.116526007652282715e-01 3.362792730331420898e-01 3.309642970561981201e-01 3.137731254100799561e-01 3.236061334609985352e-01 3.382143080234527588e-01 3.264629840850830078e-01 -3.222258687019348145e-01 -3.174933493137359619e-01 -3.281297385692596436e-01 -3.229034543037414551e-01 -3.236501812934875488e-01 -3.200204670429229736e-01 -3.270367980003356934e-01 -3.152202963829040527e-01 -3.140053451061248779e-01 -3.202914595603942871e-01 -3.059626817703247070e-01 -3.163453936576843262e-01 -3.272915780544281006e-01 -3.245273530483245850e-01 -3.217383921146392822e-01 -3.254317045211791992e-01 -3.264241516590118408e-01 -3.207970857620239258e-01 -3.260113596916198730e-01 -3.252925872802734375e-01 1.883383840322494507e-01 2.986596226692199707e-01 3.201703429222106934e-01 1.954518705606460571e-01 3.325970172882080078e-01 3.310728371143341064e-01 1.774025559425354004e-01 1.760428845882415771e-01 1.908731758594512939e-01 1.789424419403076172e-01 1.685969531536102295e-01 1.790150254964828491e-01 1.952321380376815796e-01 1.948020160198211670e-01 1.968394666910171509e-01 2.062316536903381348e-01 2.019227743148803711e-01 1.970499157905578613e-01 2.041217833757400513e-01 2.002149820327758789e-01 2.220969498157501221e-01 2.006421834230422974e-01 1.991038471460342407e-01 1.775634437799453735e-01 1.970028877258300781e-01 1.898348778486251831e-01 1.992575824260711670e-01 1.892914474010467529e-01 8.351081609725952148e-02 8.336681127548217773e-02 8.318643271923065186e-02 8.320277184247970581e-02 8.270452916622161865e-02 8.172371238470077515e-02 8.243887126445770264e-02 -3.010739386081695557e-01 -3.185295462608337402e-01 -3.180059194564819336e-01 -3.110423684120178223e-01 -3.236649632453918457e-01 -3.065132200717926025e-01 -3.223967254161834717e-01 -3.072372376918792725e-01 -3.190434873104095459e-01 -3.104419112205505371e-01 -3.285574615001678467e-01 -3.214349448680877686e-01 -3.208357691764831543e-01 -3.135668635368347168e-01 -3.168854415416717529e-01 7.332753390073776245e-02 7.315633445978164673e-02 7.325541973114013672e-02 7.300382852554321289e-02 7.353813946247100830e-02 7.266625761985778809e-02 7.344831526279449463e-02 7.286610454320907593e-02 7.329788804054260254e-02 7.305072993040084839e-02 7.344361394643783569e-02 7.325762510299682617e-02 7.290811091661453247e-02 7.297018915414810181e-02 7.302301377058029175e-02 7.364820688962936401e-02 7.302127778530120850e-02 7.310801744461059570e-02 7.284060865640640259e-02 7.325796037912368774e-02 1.000946909189224243e-01 1.899830251932144165e-01 2.011201828718185425e-01 -3.195483386516571045e-01 -3.134256005287170410e-01
-1.334195137023925781e-01 1.934916377067565918e-01 3.074270486831665039e-01 3.214144110679626465e-01 3.257120549678802490e-01 3.256093561649322510e-01 3.073647916316986084e-01 3.309642970561981201e-01 3.258351981639862061e-01 3.093734085559844971e-01 3.187996745109558105e-01 3.328329920768737793e-01 3.215667903423309326e-01 -3.225445747375488281e-01 -3.179363012313842773e-01 -3.290888369083404541e-01 -3.232979178428649902e-01 -3.241247832775115967e-01 -3.204801976680755615e-01 -3.275376260280609131e-01 -3.157983720302581787e-01 -3.144657909870147705e-01 -3.208052515983581543e-01 -3.066878616809844971e-01 -3.168528378009796143e-01 -3.277911543846130371e-01 -3.254472315311431885e-01 -3.227470815181732178e-01 -3.264741897583007812e-01 -3.274132609367370605e-01 -3.212796747684478760e-01 -3.264218866825103760e-01 -3.256622552871704102e-01 1.887597143650054932e-01 2.948536872863769531e-01 3.154678344726562500e-01 1.956661194562911987e-01 3.273792862892150879e-01 3.260379433631896973e-01 1.780427992343902588e-01 1.766600459814071655e-01 1.910068988800048828e-01 1.795266121625900269e-01 1.692478656768798828e-01 1.796245723962783813e-01 1.953522711992263794e-01 1.949274092912673950e-01 1.969340443611145020e-01 2.060264348983764648e-01 2.018651664257049561e-01 1.971786320209503174e-01 2.039872407913208008e-01 2.002402991056442261e-01 2.213186025619506836e-01 2.006675004959106445e-01 1.991720944643020630e-01 1.777778118848800659e-01 1.971263885498046875e-01 1.902557611465454102e-01 1.993066519498825073e-01 1.897339671850204468e-01 8.558496832847595215e-02 8.544188737869262695e-02 8.526817709207534790e-02 8.528126776218414307e-02 8.476983755826950073e-02 8.380960673093795776e-02 8.450742065906524658e-02 -3.004110157489776611e-01 -3.177140951156616211e-01 -3.173154592514038086e-01 -3.102586567401885986e-01 -3.227209746837615967e-01 -3.057878017425537109e-01 -3.216007053852081299e-01 -3.066544830799102783e-01 -3.182591497898101807e-01 -3.096993267536163330e-01 -3.276731967926025391e-01 -3.207685947418212891e-01 -3.200294077396392822e-01 -3.128490149974822998e-01 -3.162288963794708252e-01 7.581838220357894897e-02 7.565028965473175049e-02 7.574091851711273193e-02 7.550164312124252319e-02 7.602617144584655762e-02 7.517108321189880371e-02 7.594295591115951538e-02 7.536338269710540771e-02 7.579099386930465698e-02 7.554763555526733398e-02 7.593488693237304688e-02 7.574714720249176025e-02 7.540684938430786133e-02 7.547837495803833008e-02 7.552502304315567017e-02 7.613276690244674683e-02 7.551689445972442627e-02 7.560533285140991211e-02 7.534328848123550415e-02 7.575851678848266602e-02 1.019472405314445496e-01 1.899820864200592041e-01 2.011064589023590088e-01 -3.201772570610046387e-01 -3.139646649360656738e-01
-1.372573673725128174e-01 2.103578746318817139e-01 2.968668341636657715e-01 3.065501153469085693e-01 3.103634715080261230e-01 3.101045489311218262e-01 2.969385981559753418e-01 3.137731254100799561e-01 3.093734085559844971e-01 2.979103028774261475e-01 3.045954108238220215e-01 3.150008320808410645e-01 3.069358468055725098e-01 -3.299230635166168213e-01 -3.260627686977386475e-01 -3.375143110752105713e-01 -3.313570320606231689e-01 -3.320874869823455811e-01 -3.290761113166809082e-01 -3.353829383850097656e-01 -3.245271146297454834e-01 -3.225506842136383057e-01 -3.294665813446044922e-01 -3.154353797435760498e-01 -3.257448077201843262e-01 -3.356267511844635010e-01 -3.340191841125488281e-01 -3.311823308467864990e-01 -3.352739512920379639e-01 -3.361267447471618652e-01 -3.297099769115447998e-01 -3.349615633487701416e-01 -3.338102102279663086e-01 2.084710747003555298e-01 2.871457040309906006e-01 3.018169999122619629e-01 2.139626592397689819e-01 3.103459775447845459e-01 3.103646039962768555e-01 1.989107877016067505e-01 1.972806155681610107e-01 2.084568887948989868e-01 2.002318799495697021e-01 1.898828297853469849e-01 2.002902776002883911e-01 2.115650922060012817e-01 2.113068401813507080e-01 2.132562249898910522e-01 2.216016054153442383e-01 2.179170995950698853e-01 2.145523130893707275e-01 2.197681665420532227e-01 2.172075659036636353e-01 2.334648519754409790e-01 2.176360040903091431e-01 2.164046764373779297e-01 1.949861347675323486e-01 2.142327278852462769e-01 2.100202739238739014e-01 2.160891443490982056e-01 2.096256911754608154e-01 8.658438920974731445e-02 8.641065657138824463e-02 8.627037703990936279e-02 8.625634759664535522e-02 8.571293950080871582e-02 8.481036871671676636e-02 8.544753491878509521e-02 -3.092411756515502930e-01 -3.259348273277282715e-01 -3.258210420608520508e-01 -3.184874057769775391e-01 -3.302632272243499756e-01 -3.139959275722503662e-01 -3.294355571269989014e-01 -3.157489895820617676e-01 -3.267000019550323486e-01 -3.180158436298370361e-01 -3.354609310626983643e-01 -3.296173810958862305e-01 -3.284713625907897949e-01 -3.216761946678161621e-01 -3.251236677169799805e-01 7.930920273065567017e-02 7.902146130800247192e-02 7.901386916637420654e-02 7.879525423049926758e-02 7.941936701536178589e-02 7.861127704381942749e-02 7.938526570796966553e-02 7.875692844390869141e-02 7.910412549972534180e-02 7.890489697456359863e-02 7.937576621770858765e-02 7.903552055358886719e-02 7.875087112188339233e-02 7.907272130250930786e-02 7.894745469093322754e-02 7.956176996231079102e-02 7.890538126230239868e-02 7.898350805044174194e-02 7.876484841108322144e-02 7.920250296592712402e-02 1.061756461858749390e-01 2.060392498970031738e-01 2.175985872745513916e-01 -3.289912343025207520e-01 -3.218273222446441650e-01
-1.351741850376129150e-01 2.013714462518692017e-01 3.030554652214050293e-01 3.151004016399383545e-01 3.191914856433868408e-01 3.190182745456695557e-01 3.030565679073333740e-01 3.236061334609985352e-01 3.187996745109558105e-01 3.045954108238220215e-01 3.127908706665039062e-01 3.251757919788360596e-01 3.153690993785858154e-01 -3.259107470512390137e-01 -3.216361701488494873e-01 -3.327994048595428467e-01 -3.269776403903961182e-01 -3.277312517166137695e-01 -3.244014680385589600e-01 -3.310829699039459229e-01 -3.197620213031768799e-01 -3.181394338607788086e-01 -3.247442543506622314e-01 -3.106226921081542969e-01 -3.209157586097717285e-01 -3.313311040401458740e-01 -3.292387127876281738e-01 -3.264512717723846436e-01 -3.303477764129638672e-01 -3.312534093856811523e-01 -3.251160681247711182e-01 -3.303258121013641357e-01 -3.293880522251129150e-01 1.979242414236068726e-01 2.917546927928924561e-01 3.097078502178192139e-01 2.042001336812973022e-01 3.200832903385162354e-01 3.193634450435638428e-01 1.877101957798004150e-01 1.862161755561828613e-01 1.991564482450485229e-01 1.891260594129562378e-01 1.788044422864913940e-01 1.892031282186508179e-01 2.029255032539367676e-01 2.025775909423828125e-01 2.045615613460540771e-01 2.133427411317825317e-01 2.093873023986816406e-01 2.052927762269973755e-01 2.113913148641586304e-01 2.081781327724456787e-01 2.271063327789306641e-01 2.086062878370285034e-01 2.072285711765289307e-01 1.858055293560028076e-01 2.051170766353607178e-01 1.994451433420181274e-01 2.071556299924850464e-01 1.989784091711044312e-01 8.578544110059738159e-02 8.562762290239334106e-02 8.546862751245498657e-02 8.546947687864303589e-02 8.494538068771362305e-02 8.400966227054595947e-02 8.468104898929595947e-02 -3.047702908515930176e-01 -3.218048810958862305e-01 -3.215106725692749023e-01 -3.143495619297027588e-01 -3.265134096145629883e-01 -3.098596334457397461e-01 -3.255006074905395508e-01 -3.111191689968109131e-01 -3.224447965621948242e-01 -3.138217628002166748e-01 -3.315666615962982178e-01 -3.251253664493560791e-01 -3.242225944995880127e-01 -3.172099888324737549e-01 -3.206083178520202637e-01 7.713630050420761108e-02 7.691162824630737305e-02 7.695794105529785156e-02 7.672587037086486816e-02 7.729884237051010132e-02 7.646238058805465698e-02 7.723688334226608276e-02 7.663466781377792358e-02 7.702504843473434448e-02 7.680172473192214966e-02 7.722924649715423584e-02 7.697067409753799438e-02 7.665424048900604248e-02 7.684055715799331665e-02 7.680828124284744263e-02 7.742287963628768921e-02 7.678594440221786499e-02 7.686900347471237183e-02 7.662640511989593506e-02 7.705222070217132568e-02 1.036973148584365845e-01 1.974996030330657959e-01 2.088289260864257812e-01 -3.241672515869140625e-01 -3.175145983695983887e-01
-1.333682537078857422e-01 1.911108642816543579e-01 3.128325343132019043e-01 3.279769122600555420e-01 3.324544727802276611e-01 3.323943316936492920e-01 3.127239346504211426e-01 3.382143080234527588e-01 3.328329920768737793e-01 3.150008320808410645e-01 3.251757919788360596e-01 3.402849733829498291e-01 3.280787765979766846e-01 -3.226089775562286377e-01 -3.177714049816131592e-01 -3.294455707073211670e-01 -3.231329917907714844e-01 -3.241526782512664795e-01 -3.201850652694702148e-01 -3.276374340057373047e-01 -3.154645860195159912e-01 -3.143485188484191895e-01 -3.205545842647552490e-01 -3.064727485179901123e-01 -3.163526058197021484e-01 -3.279007077217102051e-01 -3.256956636905670166e-01 -3.231158256530761719e-01 -3.267292082309722900e-01 -3.277169167995452881e-01 -3.210706710815429688e-01 -3.261665701866149902e-01 -3.254989087581634521e-01 1.856280416250228882e-01 2.994005680084228516e-01 3.216533958911895752e-01 1.929205954074859619e-01 3.345501422882080078e-01 3.328413665294647217e-01 1.745825558900833130e-01 1.732482165098190308e-01 1.884427070617675781e-01 1.761280149221420288e-01 1.658152937889099121e-01 1.762216836214065552e-01 1.930311620235443115e-01 1.925660073757171631e-01 1.946127861738204956e-01 2.040500342845916748e-01 1.996908634901046753e-01 1.946610063314437866e-01 2.019200623035430908e-01 1.978560090065002441e-01 2.203333675861358643e-01 1.982854306697845459e-01 1.967136114835739136e-01 1.751459985971450806e-01 1.946464478969573975e-01 1.871173530817031860e-01 1.969399750232696533e-01 1.865723431110382080e-01 8.408196270465850830e-02 8.394392579793930054e-02 8.375886827707290649e-02 8.377921581268310547e-02 8.327722549438476562e-02 8.229120820760726929e-02 8.301448822021484375e-02 -2.983069121837615967e-01 -3.158947229385375977e-01 -3.155460655689239502e-01 -3.083817064762115479e-01 -3.210857808589935303e-01 -3.038982748985290527e-01 -3.199488818645477295e-01 -3.045780062675476074e-01 -3.164457976818084717e-01 -3.078299164772033691e-01 -3.260599672794342041e-01 -3.188734948635101318e-01 -3.181766271591186523e-01 -3.108797669410705566e-01 -3.142757415771484375e-01 7.358919084072113037e-02 7.343714684247970581e-02 7.355253398418426514e-02 7.330352067947387695e-02 7.381591200828552246e-02 7.294415682554244995e-02 7.372478395700454712e-02 7.314428687095642090e-02 7.359535992145538330e-02 7.333653420209884644e-02 7.371524721384048462e-02 7.355323433876037598e-02 7.320073992013931274e-02 7.322822511196136475e-02 7.330570369958877563e-02 7.391304522752761841e-02 7.330317050218582153e-02 7.339118421077728271e-02 7.311487197875976562e-02 7.353668659925460815e-02 1.000937223434448242e-01 1.877244412899017334e-01 1.988201290369033813e-01 -3.198946118354797363e-01 -3.139668703079223633e-01
-1.353512704372406006e-01 2.011484503746032715e-01 3.053279817104339600e-01 3.177313804626464844e-01 3.218948841094970703e-01 3.217315077781677246e-01 3.053244054317474365e-01 3.264629840850830078e-01 3.215667903423309326e-01 3.069358468055725098e-01 3.153690993785858154e-01 3.280787765979766846e-01 3.179950416088104248e-01 -3.264278471469879150e-01 -3.220804631710052490e-01 -3.331322669982910156e-01 -3.274514079093933105e-01 -3.281909227371215820e-01 -3.248293399810791016e-01 -3.315490782260894775e-01 -3.201433420181274414e-01 -3.185723125934600830e-01 -3.251566588878631592e-01 -3.109420835971832275e-01 -3.213112354278564453e-01 -3.317984640598297119e-01 -3.295635282993316650e-01 -3.267531394958496094e-01 -3.306367695331573486e-01 -3.315615057945251465e-01 -3.255459070205688477e-01 -3.307830989360809326e-01 -3.298694193363189697e-01 1.974923908710479736e-01 2.937593460083007812e-01 3.122284412384033203e-01 2.038972079753875732e-01 3.228976130485534668e-01 3.220813870429992676e-01 1.871455311775207520e-01 1.856639087200164795e-01 1.988913565874099731e-01 1.885855793952941895e-01 1.782237142324447632e-01 1.886587142944335938e-01 2.027348875999450684e-01 2.023774385452270508e-01 2.043765634298324585e-01 2.132811993360519409e-01 2.092601060867309570e-01 2.050522565841674805e-01 2.112996429204940796e-01 2.079884707927703857e-01 2.273664623498916626e-01 2.084179669618606567e-01 2.070157080888748169e-01 1.854954510927200317e-01 2.048912048339843750e-01 1.990159153938293457e-01 2.069661915302276611e-01 1.985376775264739990e-01 8.556614816188812256e-02 8.540914952754974365e-02 8.524730801582336426e-02 8.524978160858154297e-02 8.472688496112823486e-02 8.378120511770248413e-02 8.446123450994491577e-02 -3.054177463054656982e-01 -3.225591182708740234e-01 -3.222204446792602539e-01 -3.150762617588043213e-01 -3.273402750492095947e-01 -3.105614781379699707e-01 -3.262762427330017090e-01 -3.117525577545166016e-01 -3.231829702854156494e-01 -3.145339488983154297e-01 -3.323809206485748291e-01 -3.258250355720520020e-01 -3.249714970588684082e-01 -3.179012537002563477e-01 -3.212924897670745850e-01 7.668877393007278442e-02 7.646995037794113159e-02 7.652181386947631836e-02 7.628655433654785156e-02 7.685791701078414917e-02 7.601298391819000244e-02 7.679226994514465332e-02 7.618959248065948486e-02 7.658644020557403564e-02 7.635987550020217896e-02 7.678490877151489258e-02 7.653352618217468262e-02 7.621163129806518555e-02 7.638411223888397217e-02 7.636182010173797607e-02 7.698139548301696777e-02 7.634194195270538330e-02 7.642620801925659180e-02 7.617995142936706543e-02 7.660594582557678223e-02 1.034234240651130676e-01 1.973218172788619995e-01 2.086715847253799438e-01 -3.245456814765930176e-01 -3.179342448711395264e-01
2.922528088092803955e-01 -3.566069304943084717e-01 -3.319103121757507324e-01 -3.284392654895782471e-01 -3.269455134868621826e-01 -3.249137401580810547e-01 -3.320045471191406250e-01 -3.222258687019348145e-01 -3.225445747375488281e-01 -3.299230635166168213e-01 -3.259107470512390137e-01 -3.226089775562286377e-01 -3.264278471469879150e-01 7.176740765571594238e-01 7.157453298568725586e-01 7.777857184410095215e-01 7.238538861274719238e-01 7.314102649688720703e-01 7.210288047790527344e-01 7.414004206657409668e-01 7.202169895172119141e-01 7.090951800346374512e-01 7.257118821144104004e-01 7.113808393478393555e-01 7.169170975685119629e-01 7.418791651725769043e-01 7.665480971336364746e-01 7.676131725311279297e-01 7.775700092315673828e-01 7.753285765647888184e-01 7.251169085502624512e-01 7.300238609313964844e-01 7.265775203704833984e-01 -3.657466173171997070e-01 -3.354057371616363525e-01 -3.256045281887054443e-01 -3.680044114589691162e-01 -3.206554651260375977e-01 -3.286513388156890869e-01 -3.571280241012573242e-01 -3.528241813182830811e-01 -3.535403907299041748e-01 -3.559303879737854004e-01 -3.393830060958862305e-01 -3.585365116596221924e-01 -3.686734139919281006e-01 -3.673055768013000488e-01 -3.691483438014984131e-01 -3.644173443317413330e-01 -3.668033778667449951e-01 -3.672837615013122559e-01 -3.654215037822723389e-01 -3.666553795337677002e-01 -3.614826202392578125e-01 -3.675653636455535889e-01 -3.670212030410766602e-01 -3.325299620628356934e-01 -3.682124614715576172e-01 -3.689017295837402344e-01 -3.674596846103668213e-01 -3.690641820430755615e-01 -4.039838314056396484e-01 -4.040958881378173828e-01 -4.041600823402404785e-01 -4.040734469890594482e-01 -4.013007283210754395e-01 -4.008847475051879883e-01 -4.010086357593536377e-01 5.930351018905639648e-01 6.199129223823547363e-01 6.279522180557250977e-01 6.064514517784118652e-01 6.222427487373352051e-01 6.016631722450256348e-01 6.309331655502319336e-01 6.120499372482299805e-01 6.225982904434204102e-01 6.082755923271179199e-01 6.368796825408935547e-01 6.364129781723022461e-01 6.248384714126586914e-01 6.152353286743164062e-01 6.272391676902770996e-01 -4.090104699134826660e-01 -4.100815355777740479e-01 -4.095768630504608154e-01 -4.105736613273620605e-01 -4.099073708057403564e-01 -4.094492793083190918e-01 -4.100602269172668457e-01 -4.095141589641571045e-01 -4.104438722133636475e-01 -4.102463126182556152e-01 -4.097323715686798096e-01 -4.101748168468475342e-01 -4.099809527397155762e-01 -4.095407128334045410e-01 -4.101561903953552246e-01 -4.097696542739868164e-01 -4.095627963542938232e-01 -4.103208780288696289e-01 -4.101724028587341309e-01 -4.104797840118408203e-01 -3.989745676517486572e-01 -3.450126349925994873e-01 -3.672631978988647461e-01 7.334257364273071289e-01 7.151213288307189941e-01
