0.000000	0.133010	0.141813	0.140572	0.142303	0.134978	0.147406	0.145326	0.137073	0.141173	0.144718	0.141826	0.533099	0.536076	0.537648	0.538291	0.535369	0.539202	0.539337	0.535125	0.534309	0.539673	0.527532	0.537296	0.538998	0.538513	0.535280	0.540437	0.539849	0.538971	0.542223	0.544559	0.092641	0.131071	0.140365	0.094554	0.147690	0.139585	0.096210	0.098226	0.096495	0.095249	0.098322	0.095487	0.097100	0.100008	0.096656	0.091249	0.091519	0.092477	0.092104	0.091247	0.100626	0.090477	0.090942	0.097718	0.091184	0.092888	0.092140	0.094202	0.181330	0.181840	0.181546	0.181667	0.182017	0.182295	0.182116	0.521343	0.529707	0.530547	0.524866	0.532027	0.522962	0.533012	0.524416	0.531264	0.525000	0.536455	0.533868	0.531442	0.528356	0.532924	0.169338	0.170152	0.170337	0.170322	0.170083	0.169455	0.169611	0.170529	0.170010	0.170496	0.171305	0.171186	0.170806	0.169360	0.169987	0.169850	0.170251	0.169617	0.170302	0.169904	0.161656	0.097375	0.091939	0.542580	0.533756	
0.133010	0.000000	0.111567	0.116328	0.115450	0.114695	0.113023	0.119391	0.115322	0.115569	0.115326	0.113526	0.524078	0.525557	0.527400	0.528563	0.528918	0.528289	0.530976	0.524690	0.524843	0.528095	0.518096	0.526119	0.531287	0.528646	0.525181	0.529736	0.529439	0.528436	0.533138	0.535339	0.132044	0.119367	0.112246	0.131196	0.117466	0.111052	0.136794	0.137655	0.136457	0.135017	0.137890	0.135696	0.132598	0.134822	0.132980	0.130053	0.129350	0.131215	0.129814	0.131730	0.127594	0.129201	0.131277	0.138153	0.129898	0.132661	0.130964	0.131798	0.197692	0.198053	0.197998	0.197982	0.198245	0.198593	0.198464	0.509692	0.519362	0.519534	0.514056	0.522942	0.511950	0.522995	0.512694	0.519156	0.514827	0.526287	0.522898	0.519964	0.516962	0.522036	0.190570	0.190983	0.191002	0.190914	0.191044	0.191560	0.189973	0.190891	0.190549	0.191470	0.190867	0.191357	0.191878	0.190607	0.191139	0.190701	0.190915	0.191266	0.191305	0.190983	0.181192	0.136724	0.129259	0.532802	0.524020	
0.141813	0.111567	0.000000	0.110596	0.107505	0.114844	0.106310	0.111628	0.110919	0.111494	0.107103	0.111236	0.522819	0.523956	0.526995	0.528379	0.525186	0.527247	0.527711	0.523206	0.524206	0.529153	0.516981	0.524698	0.528567	0.528432	0.525259	0.529334	0.527718	0.526076	0.530829	0.533997	0.137259	0.115869	0.109408	0.137071	0.112486	0.106966	0.140118	0.142934	0.142672	0.142777	0.143780	0.140802	0.139741	0.140537	0.139672	0.138293	0.137320	0.138622	0.136642	0.137255	0.128416	0.135149	0.137289	0.142557	0.138395	0.138341	0.135482	0.138735	0.196996	0.197147	0.197298	0.197278	0.197283	0.197861	0.197572	0.507054	0.518063	0.517363	0.512095	0.522071	0.508869	0.520383	0.511030	0.517965	0.511880	0.525449	0.521476	0.519421	0.513433	0.519463	0.188318	0.189147	0.189681	0.188811	0.188546	0.189058	0.188046	0.189603	0.189048	0.189541	0.188720	0.189489	0.189872	0.188897	0.189137	0.188618	0.189705	0.188821	0.189451	0.188933	0.181961	0.142415	0.136256	0.531407	0.524018	
0.140572	0.116328	0.110596	0.000000	0.101470	0.113465	0.107171	0.108193	0.110147	0.112702	0.108068	0.110142	0.524259	0.524823	0.527847	0.529175	0.525543	0.527684	0.529342	0.522283	0.523833	0.529369	0.515826	0.525194	0.529487	0.528307	0.525001	0.529696	0.528597	0.526492	0.531837	0.533233	0.138924	0.115068	0.110301	0.137878	0.108573	0.108099	0.143658	0.146056	0.140384	0.142288	0.144618	0.142821	0.142264	0.141871	0.140204	0.135342	0.137774	0.139000	0.135386	0.137075	0.130381	0.135241	0.136754	0.143350	0.137509	0.138095	0.136247	0.138491	0.199737	0.200075	0.200244	0.200090	0.200395	0.200647	0.200464	0.508340	0.518713	0.518199	0.513415	0.523177	0.511754	0.522170	0.511620	0.519479	0.514450	0.528961	0.521143	0.519402	0.515396	0.519890	0.191212	0.192241	0.192341	0.192598	0.192103	0.193513	0.191648	0.193645	0.191769	0.192928	0.192041	0.192242	0.193626	0.192358	0.192315	0.191669	0.192763	0.192838	0.193183	0.192273	0.185429	0.145036	0.136859	0.530866	0.523757	
0.142303	0.115450	0.107505	0.101470	0.000000	0.114725	0.105898	0.110934	0.109192	0.109769	0.110467	0.108190	0.522693	0.522138	0.525146	0.527582	0.523279	0.526906	0.526250	0.520664	0.521068	0.525071	0.514141	0.523542	0.527618	0.528146	0.523763	0.527484	0.527075	0.524608	0.529735	0.533338	0.139276	0.114736	0.108120	0.138571	0.113165	0.110297	0.143447	0.143985	0.143128	0.143092	0.145626	0.141798	0.139809	0.140221	0.139236	0.137425	0.137374	0.138598	0.137307	0.137984	0.126912	0.136423	0.137968	0.145718	0.137820	0.138995	0.137290	0.139774	0.201022	0.201121	0.201199	0.201080	0.201355	0.201671	0.201476	0.508876	0.517014	0.515726	0.511347	0.522582	0.509426	0.519960	0.510750	0.517618	0.510254	0.523740	0.519868	0.518716	0.512588	0.520751	0.192871	0.193553	0.193174	0.193943	0.193571	0.193984	0.192748	0.194754	0.193121	0.193813	0.193168	0.194376	0.194812	0.192975	0.193101	0.192907	0.193990	0.193291	0.194084	0.193021	0.186345	0.143362	0.137957	0.529955	0.521142	
0.134978	0.114695	0.114844	0.113465	0.114725	0.000000	0.117112	0.116659	0.115242	0.120527	0.116381	0.105626	0.523931	0.526936	0.527157	0.529734	0.527499	0.528208	0.530496	0.524663	0.524816	0.528980	0.519088	0.525973	0.529947	0.530568	0.525077	0.529094	0.530507	0.529260	0.532562	0.536827	0.132104	0.117427	0.113914	0.130748	0.113528	0.116319	0.136423	0.138240	0.136564	0.135321	0.139835	0.136230	0.133794	0.132857	0.132321	0.127848	0.129721	0.129998	0.129451	0.128713	0.123180	0.127042	0.128115	0.138827	0.128927	0.132190	0.128893	0.131994	0.197693	0.197912	0.197945	0.198000	0.197910	0.198743	0.198081	0.512093	0.521832	0.518810	0.515388	0.523277	0.512697	0.524192	0.513191	0.521297	0.515354	0.527839	0.524683	0.523316	0.516783	0.523007	0.188819	0.189671	0.190218	0.190889	0.189375	0.192037	0.189354	0.190951	0.189649	0.190248	0.189569	0.190727	0.191209	0.189586	0.190218	0.189513	0.190440	0.190146	0.190806	0.190062	0.180349	0.136357	0.129776	0.532803	0.525061	
0.147406	0.113023	0.106310	0.107171	0.105898	0.117112	0.000000	0.107278	0.113120	0.108463	0.108019	0.108251	0.522293	0.522840	0.524130	0.526483	0.524422	0.526911	0.527118	0.521748	0.523362	0.526274	0.514975	0.523986	0.527968	0.527175	0.523309	0.526111	0.526108	0.525547	0.530837	0.531894	0.142162	0.117035	0.110586	0.141653	0.111293	0.103716	0.146102	0.148800	0.144937	0.146332	0.148890	0.144838	0.144590	0.145991	0.144417	0.138761	0.140018	0.142442	0.141070	0.141650	0.132218	0.139742	0.144026	0.148393	0.141179	0.142741	0.140740	0.144127	0.201579	0.201693	0.201971	0.201765	0.201945	0.202341	0.202261	0.507602	0.517397	0.517118	0.511101	0.521108	0.510354	0.521717	0.509849	0.516840	0.513175	0.525809	0.521232	0.519375	0.514073	0.519721	0.193854	0.194892	0.194621	0.195204	0.194746	0.195381	0.194444	0.195801	0.194574	0.194926	0.194793	0.194899	0.196027	0.194689	0.195121	0.195024	0.194284	0.195648	0.195249	0.194460	0.187114	0.147813	0.140635	0.529270	0.522288	
0.145326	0.119391	0.111628	0.108193	0.110934	0.116659	0.107278	0.000000	0.113685	0.110190	0.096248	0.112274	0.522713	0.521211	0.524466	0.525214	0.524260	0.524523	0.526949	0.519205	0.518811	0.525081	0.515008	0.522746	0.527624	0.525832	0.522224	0.526483	0.525829	0.524654	0.528406	0.530324	0.141874	0.115093	0.111345	0.140863	0.114573	0.110739	0.144920	0.146977	0.147440	0.147077	0.147385	0.145373	0.143322	0.143810	0.143343	0.139772	0.142674	0.142556	0.142365	0.141952	0.132784	0.141048	0.140928	0.147168	0.141611	0.142265	0.141081	0.142837	0.200801	0.200930	0.201092	0.200918	0.201055	0.201426	0.201324	0.506244	0.516707	0.514907	0.510108	0.521057	0.508764	0.519334	0.508082	0.516799	0.509371	0.524098	0.517733	0.517055	0.512474	0.517556	0.191277	0.193033	0.192791	0.192476	0.192318	0.193719	0.191794	0.193607	0.192237	0.192862	0.191976	0.193174	0.193316	0.191941	0.192920	0.192156	0.193512	0.192983	0.192835	0.192393	0.186066	0.146728	0.141700	0.527503	0.522142	
0.137073	0.115322	0.110919	0.110147	0.109192	0.115242	0.113120	0.113685	0.000000	0.115795	0.108302	0.113177	0.523902	0.524807	0.523757	0.527084	0.526238	0.526205	0.526549	0.521660	0.522503	0.528055	0.515577	0.523935	0.527236	0.528683	0.521876	0.527507	0.526516	0.525702	0.529075	0.532580	0.130885	0.114856	0.111090	0.130489	0.114858	0.109230	0.133957	0.136196	0.136730	0.133715	0.134980	0.133967	0.136067	0.135408	0.133505	0.131894	0.132699	0.131406	0.132395	0.132141	0.124657	0.131129	0.131170	0.140244	0.132523	0.132777	0.131097	0.131680	0.196765	0.197051	0.197134	0.197115	0.197118	0.197662	0.197367	0.508290	0.518812	0.517075	0.512420	0.521384	0.509447	0.520058	0.510305	0.518272	0.511119	0.524413	0.519997	0.516492	0.513843	0.519608	0.187505	0.188518	0.188586	0.188335	0.188134	0.189185	0.187156	0.189839	0.187948	0.188729	0.188055	0.188449	0.189698	0.188112	0.188651	0.188302	0.188776	0.188533	0.189212	0.187869	0.180929	0.138464	0.132711	0.529369	0.523155	
0.141173	0.115569	0.111494	0.112702	0.109769	0.120527	0.108463	0.110190	0.115795	0.000000	0.107316	0.113840	0.524223	0.523429	0.525018	0.527512	0.525885	0.524548	0.527298	0.521534	0.521273	0.527055	0.515698	0.523319	0.527023	0.526539	0.523443	0.527544	0.527849	0.525421	0.530436	0.531357	0.139367	0.119100	0.112184	0.137679	0.114714	0.112438	0.142229	0.144395	0.143030	0.143206	0.143177	0.141731	0.138892	0.140218	0.137882	0.135119	0.137092	0.138549	0.136904	0.138374	0.132352	0.137618	0.137731	0.142359	0.137578	0.137404	0.135846	0.139407	0.199479	0.199640	0.199804	0.199776	0.199844	0.200156	0.200150	0.507564	0.517453	0.516835	0.512449	0.521855	0.509972	0.521035	0.509657	0.517334	0.511614	0.524636	0.522591	0.518429	0.513933	0.519102	0.191158	0.192809	0.191888	0.192253	0.191942	0.192775	0.191131	0.192079	0.191811	0.192262	0.192373	0.192630	0.192476	0.191788	0.192770	0.192016	0.192361	0.192452	0.192525	0.192241	0.184890	0.142850	0.136377	0.527712	0.522837	
0.144718	0.115326	0.107103	0.108068	0.110467	0.116381	0.108019	0.096248	0.108302	0.107316	0.000000	0.107020	0.521133	0.521597	0.524477	0.526208	0.525313	0.523972	0.527513	0.519967	0.521485	0.525761	0.514805	0.522426	0.526663	0.525026	0.523249	0.526586	0.525598	0.523804	0.529562	0.530592	0.142264	0.116864	0.112046	0.142228	0.109911	0.103064	0.146531	0.148209	0.145415	0.146147	0.146317	0.143795	0.144312	0.144556	0.143664	0.140955	0.141649	0.142200	0.140132	0.141759	0.134480	0.142102	0.141861	0.148392	0.142505	0.142559	0.139166	0.143582	0.201507	0.201764	0.201944	0.201788	0.202015	0.202470	0.202178	0.504935	0.516036	0.514484	0.509974	0.520713	0.507719	0.519391	0.507723	0.514006	0.510564	0.523173	0.518648	0.515087	0.513654	0.515883	0.191487	0.193091	0.192488	0.193219	0.192795	0.193744	0.192269	0.193962	0.192562	0.193256	0.193171	0.193727	0.193532	0.193067	0.193595	0.192945	0.193407	0.193394	0.193224	0.193348	0.186041	0.148069	0.141200	0.528302	0.524345	
0.141826	0.113526	0.111236	0.110142	0.108190	0.105626	0.108251	0.112274	0.113177	0.113840	0.107020	0.000000	0.522203	0.524341	0.526116	0.527775	0.525130	0.525771	0.528113	0.522731	0.521965	0.527627	0.516655	0.525115	0.528769	0.526432	0.524471	0.527414	0.527254	0.526376	0.529491	0.533450	0.139964	0.114916	0.109305	0.138724	0.114912	0.109197	0.141561	0.143323	0.141399	0.142051	0.144871	0.140953	0.140509	0.142158	0.140202	0.133658	0.135546	0.138851	0.135751	0.136168	0.129764	0.136839	0.136110	0.144669	0.137829	0.136804	0.136309	0.139015	0.199717	0.199997	0.200152	0.200017	0.200094	0.200503	0.200252	0.508717	0.518417	0.516571	0.512941	0.522392	0.512104	0.521647	0.510417	0.518583	0.512997	0.525754	0.522059	0.519699	0.514585	0.519674	0.190750	0.191625	0.191737	0.192242	0.191657	0.192704	0.190961	0.192621	0.191501	0.191623	0.191821	0.192262	0.192663	0.191649	0.191822	0.192182	0.191948	0.191419	0.192322	0.192034	0.184463	0.143515	0.135779	0.531190	0.524014	
0.533099	0.524078	0.522819	0.524259	0.522693	0.523931	0.522293	0.522713	0.523902	0.524223	0.521133	0.522203	0.000000	0.265463	0.284201	0.262824	0.284733	0.268936	0.279827	0.276785	0.276883	0.266978	0.295580	0.271438	0.281761	0.284076	0.286670	0.284066	0.283894	0.261530	0.268492	0.271768	0.536941	0.525594	0.527459	0.533833	0.522421	0.524286	0.531454	0.532329	0.533978	0.533128	0.531774	0.534556	0.534334	0.539613	0.534525	0.531669	0.532856	0.537764	0.532829	0.531725	0.532899	0.537398	0.535290	0.531142	0.539007	0.533916	0.537439	0.535636	0.555424	0.555471	0.555279	0.555205	0.555007	0.554802	0.554755	0.304550	0.299409	0.295423	0.300176	0.296023	0.299442	0.293686	0.299023	0.297105	0.301730	0.296133	0.296284	0.296756	0.298528	0.295109	0.553304	0.550057	0.553267	0.550828	0.550285	0.554086	0.550242	0.550730	0.550529	0.550629	0.551448	0.550957	0.550902	0.550636	0.551343	0.550758	0.553149	0.551090	0.551033	0.550907	0.547858	0.528577	0.532486	0.287672	0.290095	
0.536076	0.525557	0.523956	0.524823	0.522138	0.526936	0.522840	0.521211	0.524807	0.523429	0.521597	0.524341	0.265463	0.000000	0.285366	0.269543	0.287452	0.273857	0.279354	0.275708	0.276409	0.271320	0.294067	0.275789	0.286258	0.290351	0.289770	0.292453	0.289445	0.272398	0.268601	0.273977	0.539716	0.527448	0.528075	0.534725	0.522059	0.526963	0.534567	0.533833	0.536448	0.536228	0.533615	0.537510	0.536385	0.541675	0.538485	0.534965	0.535611	0.539650	0.536761	0.534854	0.533886	0.539236	0.538218	0.532753	0.542162	0.535537	0.538201	0.536440	0.557350	0.557387	0.557178	0.557142	0.556727	0.557027	0.556749	0.308400	0.298751	0.294975	0.299885	0.301972	0.304910	0.295356	0.303923	0.299623	0.302494	0.296380	0.296723	0.300041	0.300198	0.298101	0.556165	0.553353	0.555959	0.553604	0.552944	0.556701	0.552618	0.552931	0.552866	0.553387	0.553328	0.553284	0.553632	0.552614	0.553459	0.553541	0.555607	0.553458	0.553382	0.553485	0.549818	0.531019	0.535556	0.286758	0.294391	
0.537648	0.527400	0.526995	0.527847	0.525146	0.527157	0.524130	0.524466	0.523757	0.525018	0.524477	0.526116	0.284201	0.285366	0.000000	0.284667	0.266323	0.285646	0.258568	0.277104	0.287708	0.280731	0.267049	0.285578	0.253792	0.220712	0.156409	0.193821	0.197449	0.282614	0.282939	0.283652	0.540490	0.528908	0.531128	0.536561	0.523702	0.527442	0.537035	0.535305	0.537953	0.538045	0.534739	0.539215	0.538419	0.544028	0.537859	0.538257	0.536818	0.541605	0.538688	0.536800	0.535232	0.540898	0.539728	0.534505	0.542469	0.538259	0.541341	0.539216	0.559385	0.559663	0.559487	0.559463	0.559022	0.559248	0.559031	0.306686	0.300478	0.298264	0.308889	0.300608	0.306635	0.298637	0.302658	0.303320	0.305332	0.300697	0.301522	0.299345	0.305010	0.300758	0.559039	0.556245	0.559672	0.556231	0.555918	0.559921	0.555997	0.555683	0.555805	0.556248	0.556147	0.556602	0.556793	0.555826	0.556668	0.556014	0.559175	0.557130	0.556441	0.556821	0.551541	0.532404	0.536406	0.264391	0.276079	
0.538291	0.528563	0.528379	0.529175	0.527582	0.529734	0.526483	0.525214	0.527084	0.527512	0.526208	0.527775	0.262824	0.269543	0.284667	0.000000	0.283626	0.263886	0.280433	0.279241	0.276310	0.263132	0.286971	0.269122	0.281301	0.284889	0.285733	0.282997	0.283278	0.266734	0.260965	0.266317	0.543347	0.528955	0.530376	0.539275	0.525501	0.527814	0.538313	0.537203	0.538122	0.539764	0.536879	0.542030	0.540687	0.545320	0.540973	0.538306	0.539705	0.543281	0.538595	0.538442	0.537973	0.543325	0.542939	0.535937	0.544131	0.540471	0.542942	0.540909	0.561934	0.562106	0.561812	0.561599	0.561248	0.561351	0.561252	0.302371	0.292490	0.290814	0.295262	0.292686	0.297659	0.291507	0.292888	0.293010	0.294834	0.294472	0.289072	0.293232	0.297781	0.290499	0.560384	0.557670	0.560301	0.558117	0.557570	0.561191	0.556711	0.557422	0.556977	0.558036	0.558197	0.557996	0.557923	0.557002	0.558309	0.558454	0.560317	0.557947	0.558620	0.557932	0.553482	0.535068	0.538690	0.284984	0.288215	
0.535369	0.528918	0.525186	0.525543	0.523279	0.527499	0.524422	0.524260	0.526238	0.525885	0.525313	0.525130	0.284733	0.287452	0.266323	0.283626	0.000000	0.288561	0.252950	0.272617	0.293825	0.288233	0.257125	0.288663	0.260033	0.267143	0.266090	0.267219	0.265508	0.286349	0.287976	0.290010	0.540949	0.526822	0.527724	0.537836	0.522814	0.527864	0.535601	0.534916	0.537476	0.536912	0.535407	0.539315	0.536649	0.540962	0.536623	0.535674	0.536596	0.541941	0.536783	0.535892	0.536616	0.540284	0.539157	0.532398	0.540749	0.538715	0.539559	0.539267	0.556193	0.556241	0.556013	0.555974	0.555626	0.555602	0.555595	0.308934	0.294957	0.289514	0.299183	0.296522	0.303781	0.291765	0.298848	0.293603	0.295855	0.292261	0.297018	0.299053	0.301080	0.295454	0.556985	0.553329	0.556526	0.554091	0.553363	0.557112	0.553143	0.553514	0.553602	0.553683	0.554620	0.554273	0.554734	0.553939	0.554141	0.553986	0.556828	0.554089	0.554473	0.554050	0.549579	0.532476	0.536912	0.265656	0.275730	
0.539202	0.528289	0.527247	0.527684	0.526906	0.528208	0.526911	0.524523	0.526205	0.524548	0.523972	0.525771	0.268936	0.273857	0.285646	0.263886	0.288561	0.000000	0.283751	0.283059	0.271843	0.267295	0.294373	0.272240	0.279234	0.284894	0.286805	0.282267	0.281861	0.268475	0.271613	0.267526	0.543448	0.528706	0.529829	0.538617	0.525196	0.527667	0.538222	0.537117	0.539860	0.539109	0.536207	0.541076	0.541546	0.546033	0.541240	0.538717	0.539781	0.544332	0.540178	0.539829	0.538008	0.544478	0.542968	0.536368	0.545004	0.540080	0.542913	0.540467	0.559510	0.559755	0.559414	0.559326	0.559101	0.559082	0.558950	0.299311	0.294863	0.295285	0.297210	0.292442	0.303524	0.296207	0.297626	0.297082	0.297709	0.293717	0.297636	0.294138	0.298979	0.294686	0.558729	0.556123	0.558996	0.556400	0.555639	0.559448	0.555388	0.556197	0.555600	0.556274	0.556862	0.556187	0.556410	0.555744	0.556288	0.556103	0.559093	0.556377	0.556513	0.556156	0.552212	0.535572	0.539525	0.282578	0.288922	
0.539337	0.530976	0.527711	0.529342	0.526250	0.530496	0.527118	0.526949	0.526549	0.527298	0.527513	0.528113	0.279827	0.279354	0.258568	0.280433	0.252950	0.283751	0.000000	0.274155	0.280994	0.280882	0.262663	0.282215	0.260157	0.260592	0.263486	0.260248	0.256922	0.280323	0.283518	0.283337	0.542872	0.529780	0.531606	0.539483	0.525757	0.530324	0.537305	0.536923	0.540314	0.538614	0.536240	0.539982	0.539957	0.544207	0.539429	0.539249	0.539453	0.544997	0.539494	0.539837	0.538522	0.543307	0.541701	0.536812	0.545203	0.540269	0.543440	0.541439	0.561394	0.561513	0.561311	0.561287	0.560962	0.560925	0.560902	0.304476	0.297999	0.293383	0.296705	0.294527	0.302086	0.292740	0.297187	0.295203	0.296553	0.288201	0.296311	0.295121	0.299790	0.297171	0.560118	0.557133	0.560759	0.557624	0.557043	0.560844	0.556674	0.557072	0.556900	0.557546	0.557706	0.557522	0.557915	0.557037	0.557866	0.556966	0.560230	0.558311	0.557745	0.557958	0.553618	0.534631	0.539159	0.264413	0.279712	
0.535125	0.524690	0.523206	0.522283	0.520664	0.524663	0.521748	0.519205	0.521660	0.521534	0.519967	0.522731	0.276785	0.275708	0.277104	0.279241	0.272617	0.283059	0.274155	0.000000	0.285898	0.278159	0.285526	0.280146	0.275705	0.282629	0.277277	0.279360	0.280619	0.283632	0.278395	0.281130	0.538734	0.525490	0.524298	0.535714	0.521300	0.524045	0.533882	0.532740	0.535784	0.535830	0.532374	0.537206	0.536193	0.539766	0.535622	0.535022	0.535842	0.539860	0.535549	0.535485	0.534875	0.539121	0.538688	0.531827	0.540151	0.535842	0.539651	0.536436	0.556755	0.556964	0.556691	0.556735	0.556380	0.556377	0.556233	0.301945	0.295773	0.294496	0.299645	0.293808	0.301472	0.294541	0.296296	0.301298	0.301583	0.294366	0.295707	0.297288	0.298124	0.294422	0.556382	0.553807	0.556303	0.554300	0.553545	0.557347	0.552940	0.554278	0.553916	0.553895	0.554343	0.554183	0.554146	0.553535	0.554354	0.553670	0.556729	0.554609	0.554427	0.554594	0.550193	0.531614	0.536384	0.271623	0.281980	
0.534309	0.524843	0.524206	0.523833	0.521068	0.524816	0.523362	0.518811	0.522503	0.521273	0.521485	0.521965	0.276883	0.276409	0.287708	0.276310	0.293825	0.271843	0.280994	0.285898	0.000000	0.276274	0.295079	0.276121	0.289470	0.288541	0.287450	0.282237	0.283457	0.272521	0.269372	0.275904	0.538550	0.527172	0.526559	0.535526	0.522291	0.525436	0.533431	0.533006	0.535464	0.535631	0.532657	0.536781	0.534686	0.538988	0.536085	0.534031	0.534630	0.539434	0.534489	0.533456	0.533766	0.538893	0.536239	0.531213	0.540176	0.535534	0.537496	0.536161	0.554921	0.555172	0.554958	0.554988	0.554771	0.554718	0.554514	0.308884	0.300815	0.298094	0.303785	0.299713	0.307279	0.300296	0.302405	0.306758	0.302990	0.299292	0.300416	0.304199	0.303699	0.302567	0.554632	0.552464	0.554032	0.552584	0.551852	0.555503	0.551811	0.552209	0.552072	0.552095	0.552495	0.552196	0.552166	0.551728	0.552456	0.552290	0.554602	0.552098	0.552576	0.552429	0.549257	0.530219	0.534687	0.288536	0.292831	
0.539673	0.528095	0.529153	0.529369	0.525071	0.528980	0.526274	0.525081	0.528055	0.527055	0.525761	0.527627	0.266978	0.271320	0.280731	0.263132	0.288233	0.267295	0.280882	0.278159	0.276274	0.000000	0.292768	0.272460	0.287729	0.285652	0.283376	0.284622	0.282345	0.263108	0.261905	0.267347	0.543958	0.530191	0.531292	0.539400	0.526551	0.527742	0.538517	0.537888	0.540982	0.541009	0.538004	0.541951	0.541831	0.546126	0.541928	0.539664	0.540014	0.544668	0.539579	0.540991	0.538752	0.544015	0.542518	0.538012	0.545665	0.540878	0.544392	0.541798	0.560614	0.560643	0.560491	0.560446	0.560180	0.560052	0.560172	0.304222	0.297347	0.294817	0.301506	0.294682	0.304016	0.291195	0.299463	0.299160	0.297655	0.295468	0.295355	0.296589	0.300412	0.296743	0.560143	0.557485	0.559757	0.557548	0.556768	0.560680	0.556614	0.556895	0.556722	0.557485	0.557104	0.557129	0.557544	0.555969	0.557960	0.557309	0.559937	0.557671	0.557614	0.557265	0.552988	0.535643	0.539262	0.281985	0.289564	
0.527532	0.518096	0.516981	0.515826	0.514141	0.519088	0.514975	0.515008	0.515577	0.515698	0.514805	0.516655	0.295580	0.294067	0.267049	0.286971	0.257125	0.294373	0.262663	0.285526	0.295079	0.292768	0.000000	0.291483	0.271318	0.276702	0.274188	0.275086	0.274998	0.289719	0.290601	0.296554	0.532516	0.517784	0.521085	0.529188	0.513902	0.517939	0.527644	0.528367	0.528279	0.529448	0.527094	0.531328	0.529423	0.533640	0.529576	0.529500	0.528475	0.532693	0.529776	0.529297	0.530085	0.532353	0.532620	0.525140	0.533201	0.530348	0.533107	0.531113	0.548527	0.548366	0.548325	0.548320	0.548073	0.548086	0.547960	0.318048	0.304346	0.300254	0.308886	0.305659	0.311581	0.302733	0.312173	0.306235	0.308814	0.301539	0.300822	0.310755	0.311406	0.302721	0.548591	0.545984	0.548531	0.546329	0.545731	0.548987	0.544925	0.545498	0.545349	0.545724	0.545856	0.545637	0.545930	0.544590	0.546163	0.545941	0.548282	0.546055	0.545965	0.545363	0.542301	0.525190	0.528378	0.275220	0.274371	
0.537296	0.526119	0.524698	0.525194	0.523542	0.525973	0.523986	0.522746	0.523935	0.523319	0.522426	0.525115	0.271438	0.275789	0.285578	0.269122	0.288663	0.272240	0.282215	0.280146	0.276121	0.272460	0.291483	0.000000	0.278988	0.286716	0.285819	0.289306	0.286720	0.266815	0.277170	0.270873	0.542496	0.527773	0.528478	0.538734	0.522254	0.527687	0.537994	0.537424	0.538108	0.539029	0.535277	0.540826	0.539466	0.544340	0.539054	0.538439	0.538186	0.541666	0.538363	0.537527	0.537387	0.542313	0.542210	0.534949	0.544052	0.539215	0.542743	0.539878	0.561579	0.561491	0.561344	0.561295	0.561023	0.561169	0.560960	0.300362	0.293378	0.291269	0.294086	0.292276	0.297424	0.289540	0.294370	0.296140	0.295079	0.291500	0.287994	0.293143	0.296281	0.288282	0.560299	0.557372	0.559977	0.557749	0.557417	0.561120	0.556584	0.557417	0.557070	0.557942	0.557805	0.557861	0.557433	0.556999	0.558073	0.557424	0.560212	0.557521	0.558049	0.557438	0.554103	0.533379	0.539107	0.279450	0.289635	
0.538998	0.531287	0.528567	0.529487	0.527618	0.529947	0.527968	0.527624	0.527236	0.527023	0.526663	0.528769	0.281761	0.286258	0.253792	0.281301	0.260033	0.279234	0.260157	0.275705	0.289470	0.287729	0.271318	0.278988	0.000000	0.266128	0.255374	0.266564	0.263658	0.282406	0.284421	0.284125	0.542107	0.531079	0.534034	0.538640	0.525931	0.531169	0.538226	0.538099	0.539580	0.539842	0.536292	0.542040	0.539836	0.545034	0.540029	0.540334	0.538747	0.543455	0.540544	0.538361	0.539789	0.542870	0.543301	0.536251	0.543519	0.540495	0.544140	0.541153	0.561355	0.561250	0.561296	0.561113	0.560856	0.560894	0.560934	0.303374	0.299507	0.291804	0.300447	0.296420	0.301323	0.293907	0.299344	0.298332	0.302678	0.294671	0.294071	0.298818	0.300186	0.295662	0.560248	0.556922	0.560769	0.557368	0.556978	0.560887	0.556536	0.556934	0.557013	0.557368	0.558062	0.557633	0.557774	0.556834	0.557772	0.557589	0.560533	0.558325	0.557883	0.557334	0.553761	0.535941	0.540469	0.266287	0.265082	
0.538513	0.528646	0.528432	0.528307	0.528146	0.530568	0.527175	0.525832	0.528683	0.526539	0.525026	0.526432	0.284076	0.290351	0.220712	0.284889	0.267143	0.284894	0.260592	0.282629	0.288541	0.285652	0.276702	0.286716	0.266128	0.000000	0.224779	0.187803	0.170783	0.280870	0.288121	0.290529	0.542821	0.529044	0.532033	0.539780	0.524096	0.528181	0.538947	0.538709	0.539344	0.540492	0.536775	0.542196	0.540525	0.545619	0.540631	0.539842	0.539685	0.545068	0.538521	0.539014	0.538785	0.543507	0.542308	0.535584	0.544148	0.541352	0.544620	0.541626	0.561449	0.561690	0.561336	0.561199	0.561047	0.561028	0.561022	0.311512	0.304497	0.302450	0.304931	0.304490	0.305694	0.297688	0.305792	0.301719	0.304031	0.301083	0.301317	0.299708	0.305470	0.300497	0.560652	0.557459	0.560491	0.557748	0.557545	0.560670	0.557314	0.557461	0.557442	0.558102	0.557892	0.558066	0.558671	0.557433	0.558247	0.557882	0.560699	0.557994	0.558006	0.557803	0.554702	0.535977	0.538857	0.270801	0.278050	
0.535280	0.525181	0.525259	0.525001	0.523763	0.525077	0.523309	0.522224	0.521876	0.523443	0.523249	0.524471	0.286670	0.289770	0.156409	0.285733	0.266090	0.286805	0.263486	0.277277	0.287450	0.283376	0.274188	0.285819	0.255374	0.224779	0.000000	0.192041	0.200574	0.284725	0.288043	0.289622	0.538872	0.526795	0.527712	0.535268	0.521921	0.526498	0.535268	0.533707	0.536701	0.536330	0.533467	0.537664	0.537249	0.542665	0.536757	0.535813	0.536283	0.540269	0.536583	0.535706	0.533745	0.539066	0.538259	0.532917	0.541009	0.536423	0.540048	0.537374	0.557212	0.557224	0.557217	0.557158	0.556830	0.556913	0.556898	0.311036	0.304414	0.301462	0.310473	0.306771	0.309969	0.300745	0.304564	0.306037	0.309783	0.303827	0.304650	0.303802	0.310616	0.305682	0.557177	0.554464	0.557749	0.554543	0.554222	0.557872	0.553890	0.553987	0.554306	0.554193	0.554336	0.555058	0.554810	0.554166	0.554513	0.553888	0.557400	0.554971	0.554605	0.554892	0.549017	0.531382	0.534610	0.264449	0.275375	
0.540437	0.529736	0.529334	0.529696	0.527484	0.529094	0.526111	0.526483	0.527507	0.527544	0.526586	0.527414	0.284066	0.292453	0.193821	0.282997	0.267219	0.282267	0.260248	0.279360	0.282237	0.284622	0.275086	0.289306	0.266564	0.187803	0.192041	0.000000	0.156241	0.279895	0.287315	0.289729	0.542818	0.530938	0.531536	0.540414	0.525778	0.529762	0.540378	0.538582	0.541109	0.541043	0.537597	0.542589	0.541772	0.546946	0.541805	0.540469	0.541078	0.545631	0.540621	0.540270	0.538717	0.544539	0.543086	0.537633	0.545747	0.541931	0.545048	0.542355	0.563440	0.563601	0.563310	0.563184	0.562933	0.562776	0.562838	0.309553	0.301267	0.294878	0.305630	0.303122	0.305827	0.298577	0.304616	0.301940	0.302572	0.300401	0.299797	0.299629	0.303127	0.301164	0.563290	0.560894	0.563166	0.560677	0.560310	0.563337	0.560090	0.559944	0.560453	0.560347	0.560672	0.561158	0.561250	0.560471	0.560433	0.560183	0.562952	0.560933	0.560852	0.560736	0.555657	0.536375	0.539375	0.266643	0.272664	
0.539849	0.529439	0.527718	0.528597	0.527075	0.530507	0.526108	0.525829	0.526516	0.527849	0.525598	0.527254	0.283894	0.289445	0.197449	0.283278	0.265508	0.281861	0.256922	0.280619	0.283457	0.282345	0.274998	0.286720	0.263658	0.170783	0.200574	0.156241	0.000000	0.279129	0.289299	0.288998	0.543002	0.530248	0.531683	0.540033	0.525487	0.529719	0.539176	0.538752	0.540930	0.540826	0.537688	0.542541	0.540622	0.546316	0.540581	0.540027	0.539873	0.545574	0.539897	0.539394	0.537940	0.544301	0.541558	0.537318	0.545509	0.541478	0.544636	0.542201	0.560460	0.560615	0.560411	0.560270	0.560186	0.560013	0.560021	0.310985	0.303373	0.297705	0.302344	0.303534	0.302834	0.298401	0.301646	0.302634	0.301896	0.299123	0.300156	0.297608	0.303342	0.302365	0.560537	0.557379	0.560240	0.557679	0.557503	0.560548	0.557099	0.557072	0.557550	0.557233	0.557800	0.558190	0.558259	0.557497	0.557650	0.556916	0.560591	0.558018	0.557736	0.557316	0.552869	0.536032	0.538900	0.266478	0.273359	
0.538971	0.528436	0.526076	0.526492	0.524608	0.529260	0.525547	0.524654	0.525702	0.525421	0.523804	0.526376	0.261530	0.272398	0.282614	0.266734	0.286349	0.268475	0.280323	0.283632	0.272521	0.263108	0.289719	0.266815	0.282406	0.280870	0.284725	0.279895	0.279129	0.000000	0.264372	0.271493	0.542837	0.528491	0.527613	0.538632	0.524590	0.528658	0.537216	0.536775	0.539212	0.539114	0.537119	0.540603	0.540208	0.544426	0.539914	0.538335	0.538942	0.543279	0.538206	0.538655	0.537866	0.542864	0.540737	0.536623	0.545171	0.539769	0.542772	0.540580	0.561135	0.561302	0.561151	0.560974	0.560718	0.560746	0.560775	0.299383	0.295026	0.294432	0.298750	0.294559	0.300802	0.293286	0.297626	0.295697	0.298913	0.293961	0.294899	0.295250	0.297179	0.297191	0.559236	0.556699	0.558573	0.556845	0.556617	0.559673	0.556661	0.557060	0.556852	0.557317	0.556952	0.557581	0.557233	0.556321	0.557217	0.556385	0.559536	0.557162	0.557314	0.556470	0.554269	0.534978	0.538533	0.282625	0.290152	
0.542223	0.533138	0.530829	0.531837	0.529735	0.532562	0.530837	0.528406	0.529075	0.530436	0.529562	0.529491	0.268492	0.268601	0.282939	0.260965	0.287976	0.271613	0.283518	0.278395	0.269372	0.261905	0.290601	0.277170	0.284421	0.288121	0.288043	0.287315	0.289299	0.264372	0.000000	0.258909	0.548736	0.534037	0.534365	0.544381	0.529777	0.531290	0.543006	0.542506	0.543471	0.544199	0.541504	0.545601	0.545359	0.549023	0.545479	0.541867	0.543767	0.547504	0.542152	0.542854	0.541788	0.547780	0.545803	0.540437	0.548436	0.544057	0.546701	0.545704	0.563808	0.563985	0.563799	0.563668	0.563451	0.563438	0.563381	0.301447	0.294973	0.291493	0.295333	0.293545	0.300804	0.288748	0.295768	0.294823	0.294305	0.292438	0.291920	0.296030	0.296422	0.295639	0.562530	0.559945	0.562473	0.560811	0.559618	0.563346	0.559305	0.559932	0.559517	0.560081	0.560330	0.560123	0.560420	0.559159	0.560267	0.560142	0.562707	0.560584	0.560634	0.560283	0.557234	0.538668	0.542924	0.286611	0.292606	
0.544559	0.535339	0.533997	0.533233	0.533338	0.536827	0.531894	0.530324	0.532580	0.531357	0.530592	0.533450	0.271768	0.273977	0.283652	0.266317	0.290010	0.267526	0.283337	0.281130	0.275904	0.267347	0.296554	0.270873	0.284125	0.290529	0.289622	0.289729	0.288998	0.271493	0.258909	0.000000	0.549174	0.534871	0.535993	0.545502	0.531073	0.533300	0.544314	0.544092	0.544065	0.544855	0.542679	0.547108	0.546199	0.549125	0.545649	0.544255	0.544930	0.548890	0.544356	0.545635	0.543792	0.549361	0.546888	0.541406	0.550435	0.546047	0.548407	0.546581	0.566103	0.566385	0.565998	0.566008	0.565493	0.565372	0.565460	0.302566	0.295602	0.293796	0.299441	0.293202	0.301285	0.292912	0.298862	0.297574	0.300368	0.293629	0.296424	0.296328	0.300473	0.293906	0.564228	0.562006	0.563961	0.561745	0.561646	0.564819	0.561093	0.561462	0.561273	0.561766	0.561943	0.561753	0.561626	0.560982	0.561760	0.561644	0.564028	0.562370	0.562530	0.561853	0.558704	0.541017	0.545344	0.284191	0.294632	
0.092641	0.132044	0.137259	0.138924	0.139276	0.132104	0.142162	0.141874	0.130885	0.139367	0.142264	0.139964	0.536941	0.539716	0.540490	0.543347	0.540949	0.543448	0.542872	0.538734	0.538550	0.543958	0.532516	0.542496	0.542107	0.542821	0.538872	0.542818	0.543002	0.542837	0.548736	0.549174	0.000000	0.125623	0.137632	0.077400	0.144758	0.139927	0.068751	0.071787	0.091188	0.072452	0.073040	0.068569	0.092542	0.091780	0.092229	0.089594	0.090347	0.087023	0.090903	0.086037	0.085964	0.087129	0.088450	0.093709	0.087456	0.073944	0.086574	0.069413	0.177322	0.177707	0.177676	0.177593	0.177902	0.178282	0.177994	0.527986	0.537255	0.535420	0.531171	0.538397	0.528556	0.538683	0.530856	0.535799	0.532282	0.541400	0.541726	0.538264	0.534419	0.539529	0.165125	0.166636	0.166915	0.167048	0.166642	0.166759	0.165290	0.167330	0.166249	0.166732	0.165944	0.167194	0.167064	0.165487	0.166689	0.165905	0.167053	0.166900	0.166857	0.166108	0.158727	0.096101	0.089064	0.548181	0.537036	
0.131071	0.119367	0.115869	0.115068	0.114736	0.117427	0.117035	0.115093	0.114856	0.119100	0.116864	0.114916	0.525594	0.527448	0.528908	0.528955	0.526822	0.528706	0.529780	0.525490	0.527172	0.530191	0.517784	0.527773	0.531079	0.529044	0.526795	0.530938	0.530248	0.528491	0.534037	0.534871	0.125623	0.000000	0.105782	0.126694	0.120541	0.112786	0.124992	0.128944	0.130757	0.128466	0.129178	0.126804	0.131470	0.128334	0.129501	0.125808	0.126980	0.128205	0.126732	0.127709	0.118576	0.126123	0.127906	0.135387	0.126758	0.125363	0.127164	0.124437	0.193768	0.194014	0.193965	0.193994	0.194099	0.194383	0.194487	0.512005	0.521415	0.519869	0.516836	0.524986	0.514343	0.524144	0.513549	0.521453	0.516667	0.528126	0.525237	0.523039	0.518047	0.523584	0.184070	0.185205	0.185568	0.184181	0.184287	0.185170	0.183646	0.185004	0.184508	0.184999	0.184738	0.184817	0.185200	0.184326	0.185017	0.184218	0.185095	0.184655	0.185241	0.184254	0.176771	0.134035	0.128946	0.533791	0.523600	
0.140365	0.112246	0.109408	0.110301	0.108120	0.113914	0.110586	0.111345	0.111090	0.112184	0.112046	0.109305	0.527459	0.528075	0.531128	0.530376	0.527724	0.529829	0.531606	0.524298	0.526559	0.531292	0.521085	0.528478	0.534034	0.532033	0.527712	0.531536	0.531683	0.527613	0.534365	0.535993	0.137632	0.105782	0.000000	0.134418	0.113852	0.111469	0.139735	0.140228	0.139918	0.140636	0.141870	0.139303	0.137123	0.138458	0.136043	0.133776	0.133686	0.135757	0.134685	0.135680	0.127199	0.134230	0.135032	0.142742	0.135105	0.135491	0.133903	0.136305	0.197200	0.197466	0.197509	0.197266	0.197490	0.197984	0.197570	0.513417	0.525052	0.522647	0.519654	0.526970	0.517611	0.527583	0.516055	0.524659	0.518483	0.530256	0.528133	0.525528	0.521295	0.525559	0.189898	0.191328	0.190707	0.190632	0.190564	0.191635	0.190131	0.191502	0.190556	0.191169	0.190940	0.190894	0.191245	0.191258	0.190364	0.189664	0.191144	0.190471	0.191144	0.190495	0.182060	0.142523	0.136571	0.534084	0.527460	
0.094554	0.131196	0.137071	0.137878	0.138571	0.130748	0.141653	0.140863	0.130489	0.137679	0.142228	0.138724	0.533833	0.534725	0.536561	0.539275	0.537836	0.538617	0.539483	0.535714	0.535526	0.539400	0.529188	0.538734	0.538640	0.539780	0.535268	0.540414	0.540033	0.538632	0.544381	0.545502	0.077400	0.126694	0.134418	0.000000	0.143029	0.137901	0.077295	0.078352	0.093530	0.081219	0.081062	0.080322	0.095038	0.093802	0.094450	0.091088	0.091322	0.086073	0.090296	0.089004	0.092205	0.089250	0.089336	0.092890	0.088478	0.078420	0.087227	0.076521	0.175897	0.176303	0.176355	0.176475	0.176373	0.176948	0.176657	0.525204	0.532950	0.531402	0.527158	0.534532	0.524108	0.534369	0.527669	0.532742	0.528624	0.538072	0.537099	0.534185	0.529564	0.536391	0.165202	0.166719	0.166881	0.165772	0.166316	0.165640	0.165835	0.166628	0.165860	0.166459	0.165791	0.166381	0.166778	0.165647	0.165790	0.165388	0.166642	0.166331	0.166309	0.165100	0.157889	0.098443	0.088908	0.544898	0.535104	
0.147690	0.117466	0.112486	0.108573	0.113165	0.113528	0.111293	0.114573	0.114858	0.114714	0.109911	0.114912	0.522421	0.522059	0.523702	0.525501	0.522814	0.525196	0.525757	0.521300	0.522291	0.526551	0.513902	0.522254	0.525931	0.524096	0.521921	0.525778	0.525487	0.524590	0.529777	0.531073	0.144758	0.120541	0.113852	0.143029	0.000000	0.110231	0.149447	0.151575	0.147831	0.149768	0.150004	0.148231	0.147455	0.148005	0.146574	0.142569	0.142659	0.144650	0.142900	0.142381	0.134626	0.142756	0.143216	0.149262	0.144730	0.145252	0.142065	0.145641	0.202300	0.202409	0.202626	0.202469	0.202601	0.203355	0.202760	0.505824	0.516163	0.514087	0.510853	0.518780	0.507822	0.518681	0.509214	0.515952	0.511178	0.523201	0.518675	0.515284	0.510604	0.518110	0.194707	0.196170	0.195313	0.195386	0.194896	0.196901	0.194466	0.195326	0.195005	0.196784	0.195478	0.195254	0.195890	0.195413	0.195559	0.194885	0.195839	0.195589	0.196072	0.195685	0.188209	0.150153	0.144291	0.528525	0.522258	
0.139585	0.111052	0.106966	0.108099	0.110297	0.116319	0.103716	0.110739	0.109230	0.112438	0.103064	0.109197	0.524286	0.526963	0.527442	0.527814	0.527864	0.527667	0.530324	0.524045	0.525436	0.527742	0.517939	0.527687	0.531169	0.528181	0.526498	0.529762	0.529719	0.528658	0.531290	0.533300	0.139927	0.112786	0.111469	0.137901	0.110231	0.000000	0.142882	0.144080	0.140515	0.143054	0.143639	0.142159	0.139268	0.138363	0.138169	0.134383	0.136109	0.138255	0.134810	0.137142	0.128254	0.136621	0.137532	0.142731	0.135958	0.140098	0.135682	0.138973	0.195779	0.196065	0.196291	0.196276	0.196308	0.196698	0.196619	0.510156	0.520420	0.518406	0.515649	0.523383	0.511716	0.521136	0.513017	0.520026	0.514548	0.526908	0.523480	0.519469	0.516708	0.521604	0.189413	0.189421	0.189977	0.189979	0.189369	0.190335	0.188715	0.191172	0.189168	0.189523	0.189659	0.189697	0.190488	0.189937	0.189789	0.190177	0.189888	0.190345	0.190944	0.189767	0.182227	0.143825	0.136332	0.532605	0.526185	
0.096210	0.136794	0.140118	0.143658	0.143447	0.136423	0.146102	0.144920	0.133957	0.142229	0.146531	0.141561	0.531454	0.534567	0.537035	0.538313	0.535601	0.538222	0.537305	0.533882	0.533431	0.538517	0.527644	0.537994	0.538226	0.538947	0.535268	0.540378	0.539176	0.537216	0.543006	0.544314	0.068751	0.124992	0.139735	0.077295	0.149447	0.142882	0.000000	0.060016	0.096645	0.065165	0.063217	0.058302	0.094958	0.095239	0.094607	0.093480	0.092534	0.092189	0.092955	0.092600	0.082559	0.090736	0.090824	0.097047	0.093010	0.069642	0.090642	0.067466	0.178140	0.178617	0.178598	0.178581	0.178776	0.178964	0.178749	0.523336	0.531544	0.529858	0.525306	0.533660	0.523117	0.532517	0.525324	0.531639	0.525982	0.536275	0.536546	0.531677	0.528765	0.534470	0.165741	0.166965	0.167580	0.166957	0.167176	0.167004	0.165771	0.167557	0.166953	0.167109	0.166944	0.167595	0.167618	0.165900	0.167265	0.165934	0.167267	0.166970	0.166751	0.166396	0.159995	0.101233	0.093131	0.543277	0.533521	
0.098226	0.137655	0.142934	0.146056	0.143985	0.138240	0.148800	0.146977	0.136196	0.144395	0.148209	0.143323	0.532329	0.533833	0.535305	0.537203	0.534916	0.537117	0.536923	0.532740	0.533006	0.537888	0.528367	0.537424	0.538099	0.538709	0.533707	0.538582	0.538752	0.536775	0.542506	0.544092	0.071787	0.128944	0.140228	0.078352	0.151575	0.144080	0.060016	0.000000	0.098933	0.064682	0.062043	0.057327	0.098298	0.096597	0.097232	0.096853	0.094976	0.093303	0.095408	0.094186	0.082133	0.093584	0.093725	0.099214	0.094689	0.069628	0.094161	0.069318	0.180501	0.180949	0.180848	0.180819	0.180797	0.181223	0.180889	0.522125	0.531367	0.529494	0.525246	0.532518	0.522640	0.531785	0.525444	0.531030	0.525479	0.536557	0.535991	0.531221	0.527998	0.534984	0.168975	0.169842	0.170718	0.169902	0.170214	0.170539	0.168699	0.171012	0.169691	0.169934	0.169578	0.170540	0.170955	0.168813	0.170105	0.169435	0.170017	0.169804	0.169655	0.169310	0.163261	0.101984	0.094707	0.543020	0.533929	
0.096495	0.136457	0.142672	0.140384	0.143128	0.136564	0.144937	0.147440	0.136730	0.143030	0.145415	0.141399	0.533978	0.536448	0.537953	0.538122	0.537476	0.539860	0.540314	0.535784	0.535464	0.540982	0.528279	0.538108	0.539580	0.539344	0.536701	0.541109	0.540930	0.539212	0.543471	0.544065	0.091188	0.130757	0.139918	0.093530	0.147831	0.140515	0.096645	0.098933	0.000000	0.093980	0.099151	0.097653	0.100604	0.099352	0.096254	0.093322	0.091842	0.092250	0.092326	0.091354	0.104965	0.088934	0.090594	0.092958	0.087531	0.091160	0.089938	0.092788	0.183129	0.183422	0.183576	0.183602	0.183669	0.183832	0.183862	0.524441	0.532534	0.533053	0.528157	0.534394	0.525448	0.535876	0.527219	0.533578	0.527618	0.540152	0.536614	0.534598	0.530946	0.535808	0.169581	0.171045	0.171399	0.171596	0.170994	0.170777	0.170907	0.172314	0.171644	0.171220	0.171631	0.172048	0.172138	0.170018	0.171479	0.171887	0.171408	0.171701	0.171773	0.170970	0.163845	0.097887	0.091151	0.543829	0.534064	
